-3.2245180190300275
-3.224518019006897
-3.2245180188661196
-3.224518019038594
-3.2245180190777982
-3.224518019071536
-3.2245180190552603
-3.2245180189569056
-3.2245180190858913
-3.2245180190491958
-3.224518018965199
-3.224518019044641
-3.2245180189774874
-3.22451801902404
-3.2245180190667377
-3.2245180190328506
-3.22451801903212
-3.2245180190268217
-3.2245180190832574
-3.2245180190441154
-3.224518019060944
-3.2245180190194094
-3.224518019074236
-3.2245180189257447
-3.224518018736946
-3.224518018451565
-3.2245180189975677
-3.224518018919546
-3.224518018736088
-3.2245180190017835
-3.224518019056161
-3.2245180189537637
-3.22451801907237
-3.2245180191107874
-3.2245180190803575
-3.2245180188012537
-3.224518018677129
-3.2245180190095932
-3.224518019038144
-3.2245180188719744
-3.2245180189269433
-3.2245180188986513
-3.224518019077251
-3.2245180190619696
-3.2245180188442593
-3.224518019031433
-3.2245180190976814
-3.2245180190423515
-3.2245180187491154
-3.2245180191065956
-3.224518019053217
-3.224518019033586
-3.224518018550952
-3.224518018951662
-3.2245180190686122
-3.2245180183951336
-3.2245180189883778
-3.2245180190497376
-3.224518018936719
-3.2245180187303024
-3.224518019080829
-3.224518019091841
-3.224518018904177
-3.2245180184610236
-3.224518019071058
-3.224518018990415
-3.224518018971086
-3.224518018732503
-3.224518018832155
-3.224518019100312
-3.224518018796768
-3.22451801894494
-3.2245180189580744
-3.2245180190733325
-3.2245180189897824
-3.2245180188784612
-3.224518019062673
-3.2245180189957274
-3.2245180190582445
-3.2245180190755827
-3.2245180189788223
-3.224518018894785
-3.224518018946077
-3.2245180190789293
-3.224518018964977
-3.22451801900886
-3.224518018821637
-3.2245180190609015
-3.2245180190769407
-3.224518018860853
-3.2245180189650977
-3.224518018985069
-3.224518018918633
-3.224518019075866
-3.2245180188496763
-3.2245180190945284
-3.224518019079667
-3.2245180189214624
-3.2245180189923985
-3.2245180189428257
