-3.218356828493583
-3.2169888592523037
-3.2176526203358935
-3.219650244509097
-3.2202904150286424
-3.215380686557287
-3.2175052953807994
-3.2121664473337663
-3.2113045563465343
-3.2190628459701767
-3.2206701224750924
-3.2215705744948333
-3.2104981806363457
-3.2206889815942144
-3.2174769341525704
-3.2184911673139114
-3.215520231108423
-3.215123809765091
-3.2191128307939594
-3.2181919009270383
-3.21992358575784
-3.213560118785461
-3.2182214889627225
-3.215425070434944
-3.221472739149121
-3.221402491625738
-3.2207725041662574
-3.2213069705003217
-3.2203205557204373
-3.2190758946016746
-3.207667878086615
-3.2176520274908764
-3.2159259644176283
-3.2193643950147854
-3.219827675210246
-3.2217505156464057
-3.2138906132610545
-3.215464933955451
-3.219023154499221
-3.221952589371826
-3.2125348671400618
-3.2188211059243685
-3.218050439708957
-3.219457444625586
-3.2189199964324207
-3.2112713902012207
-3.2191124773173847
-3.212542820498682
-3.219085355969479
-3.212265398898957
-3.2187346428446837
-3.2186562237758256
-3.220301168973384
-3.2156186894808494
-3.218693004037622
-3.219322375876448
-3.214974228387763
-3.221559048906288
-3.220169873203748
-3.220636592229193
-3.2212918020870123
-3.219015966537203
-3.218581057933923
-3.2190802304470822
-3.217551698577055
-3.217634745834004
-3.211683090062242
-3.2142051226832793
-3.218163022904515
-3.2206860850306223
-3.21423672961034
-3.211017514633017
-3.2168917981961016
-3.216390779516171
-3.2190341923670815
-3.2212775543619636
-3.220167230891145
-3.22161754756805
-3.2180997070709547
-3.218913859607376
-3.2148838312229295
-3.2201976611747
-3.219896140624314
-3.2130063496210255
-3.220005100216932
-3.216004988084056
-3.213981858949977
-3.2176042370182003
-3.2197783242889173
-3.2134158887759185
-3.2103530254886716
-3.2188540207004075
-3.211624948271164
-3.2133877446526284
-3.2187103283733265
-3.221165403805737
-3.2137318261776424
-3.217682152557445
-3.217803674686614
-3.2045151556141995
