-3.2245180191306724
-3.2245180191306626
-3.2245180191306435
-3.2245180191306746
-3.224518019130647
-3.2245180191306866
-3.224518019130654
-3.224518019130651
-3.224518019130666
-3.224518019130652
-3.224518019130658
-3.224518019130678
-3.224518019130678
-3.2245180191306297
-3.224518019130664
-3.2245180191306595
-3.224518019130683
-3.2245180191306626
-3.2245180191306093
-3.2245180191306426
-3.224518019130669
-3.224518019130657
-3.224518019130647
-3.224518019130663
-3.2245180191306044
-3.2245180191306506
-3.2245180191306724
-3.2245180191306733
-3.2245180191306613
-3.2245180191306666
-3.224518019130669
-3.2245180191306755
-3.2245180191306817
-3.224518019130644
-3.224518019130637
-3.224518019130681
-3.2245180191306795
-3.2245180191306844
-3.2245180191306675
-3.224518019130677
-3.224518019130679
-3.22451801913067
-3.2245180191306817
-3.2245180191306697
-3.224518019130666
-3.2245180191306755
-3.2245180191306724
-3.224518019130683
-3.2245180191306773
-3.2245180191306675
-3.224518019130679
-3.224518019130619
-3.224518019130677
-3.2245180191306506
-3.224518019130672
-3.2245180191306737
-3.224518019130669
-3.224518019130678
-3.2245180191306604
-3.2245180191306746
-3.2245180191306737
-3.2245180191306737
-3.224518019130671
-3.224518019130664
-3.224518019130659
-3.2245180191306604
-3.2245180191306733
-3.2245180191306675
-3.2245180191306724
-3.224518019130632
-3.2245180191306795
-3.2245180191306653
-3.2245180191306675
-3.224518019130681
-3.2245180191306377
-3.2245180191306653
-3.224518019130672
-3.2245180191306746
-3.2245180191306697
-3.2245180191306653
-3.2245180191306675
-3.224518019130679
-3.224518019130671
-3.224518019130679
-3.2245180191306733
-3.2245180191306773
-3.2245180191306773
-3.224518019130657
-3.2245180191305325
-3.224518019130665
-3.2245180191306426
-3.224518019130676
-3.2245180191306697
-3.2245180191306795
-3.2245180191306844
-3.224518019130657
-3.224518019130679
-3.224518019130676
-3.2245180191306546
-3.224518019130676
