-3.2245166259786835
-3.2245164080240745
-3.2245173869282193
-3.2245163156169685
-3.224515137002838
-3.224517120371484
-3.224517147782757
-3.224517576995467
-3.224517120511196
-3.2245162021423797
-3.2245163953897604
-3.2245175562793684
-3.2245178101393535
-3.2245171026779573
-3.224516740650674
-3.2245175235758263
-3.224516716615189
-3.2245173650304504
-3.224516959740846
-3.2245170927448275
-3.2245176777777496
-3.224517817056603
-3.224517140198834
-3.224517150423821
-3.2245172341033475
-3.2245165906691655
-3.2245152093349234
-3.224517215893205
-3.2245174356782096
-3.224516716878816
-3.22451567262674
-3.2245161847235715
-3.2245169601013006
-3.224516999685548
-3.2245159375003527
-3.2245174838997634
-3.2245166028803354
-3.2245175201576695
-3.2245175689655876
-3.2245168644837268
-3.224517082420205
-3.2245172499406287
-3.2245161624944423
-3.224515455536866
-3.2245173403943777
-3.224515944819766
-3.2245173913961938
-3.2245176389536314
-3.2245177166222208
-3.2245172503153947
-3.2245176720443407
-3.2245162003729377
-3.2245165654794556
-3.2245175574846794
-3.224516985682813
-3.2245174048629575
-3.2245164261103563
-3.22451704982773
-3.22451718514591
-3.224516716448912
-3.224517256117098
-3.2245166784334303
-3.2245175521000875
-3.224516938619878
-3.2245177346237783
-3.2245175906780577
-3.224517516485271
-3.2245166289512053
-3.224516208327672
-3.224517571564789
-3.224515459138308
-3.224517080795824
-3.224517379976879
-3.2245172515554423
-3.2245176275931957
-3.2245149803862034
-3.2245175293845323
-3.2245167000383703
-3.224517191372059
-3.2245171897442777
-3.2245171420504164
-3.224517533449962
-3.224517294139373
-3.2245173527269757
-3.22451685536202
-3.224514010703436
-3.224516761803285
-3.224515974868473
-3.224517265365618
-3.2245159516557607
-3.224516951394219
-3.2245165212217963
-3.224517485811316
-3.2245172832560662
-3.2245177946845356
-3.224517175334598
-3.224516963978107
-3.224516457896123
-3.224516574502844
-3.2245165431331126
