-3.224516097399512
-3.2245074847841657
-3.224512440185162
-3.2245138695739963
-3.224509430453512
-3.2245093748153346
-3.22451265202009
-3.2245047955837403
-3.224514138850789
-3.2245025671062346
-3.2245106780794637
-3.224509729810425
-3.2245117387472693
-3.224514627522706
-3.2245131041231376
-3.224504105505949
-3.2245114519408484
-3.2245092824712724
-3.224512006771166
-3.224514999105958
-3.2245154975910575
-3.2245170198452366
-3.2244994251658583
-3.224514901713539
-3.2245147071940377
-3.224514281956252
-3.2245078573215
-3.2245140723895362
-3.2245139737722477
-3.2245037164713453
-3.224516274035192
-3.2245122170010156
-3.2245138525051704
-3.224511232788663
-3.2245156578899405
-3.2245112512199707
-3.2245130923802225
-3.2244979001732568
-3.22451415188187
-3.22451413457316
-3.224506661099511
-3.2245155591102037
-3.224515169068702
-3.224513230092378
-3.224514456038073
-3.2245115781777773
-3.2245093325168024
-3.2245133383595914
-3.2245094222165225
-3.224515065951088
-3.2245104887060365
-3.2245123832956306
-3.224513015211438
-3.224512684305106
-3.2245107207141155
-3.2245098919060844
-3.22451104621291
-3.2245155721748278
-3.2245148888257193
-3.224510204849638
-3.2245098511000805
-3.224514500896502
-3.224507827994479
-3.224513820084816
-3.2245053402215813
-3.2245117168959676
-3.224513217429955
-3.2245143668408995
-3.2245108442368564
-3.224511140976935
-3.2245154517996513
-3.224511713720819
-3.2245100103769184
-3.2245080245029807
-3.2245150614211298
-3.224509087614046
-3.224516363497216
-3.2245137348047543
-3.224513788853007
-3.2245101628038144
-3.2245009328999923
-3.224510971229534
-3.2245164504884265
-3.224513600034774
-3.2245129303014872
-3.2245106046714023
-3.2245141175268985
-3.2245129766745886
-3.224515947464141
-3.224515110155794
-3.2245058419236217
-3.2245135826289157
-3.2245072630283254
-3.224512214426088
-3.2245140503660488
-3.2245137083365254
-3.224510542316918
-3.22450595241164
-3.2245128768646953
-3.2245129138527115
