-3.224365061435424
-3.2242774440076447
-3.2243974193136284
-3.2244217366648154
-3.2242845066168018
-3.2242645242613173
-3.2243421214557912
-3.2242722612439287
-3.224405561994854
-3.224414652521769
-3.2243280282237374
-3.2241983452391447
-3.2243180928261057
-3.224477982709452
-3.224358881339418
-3.2239888009751136
-3.2243115404379603
-3.224189671946536
-3.224214837831079
-3.224058215752777
-3.224421391669209
-3.22445185989208
-3.224441825312823
-3.2244140091789144
-3.2241810783027525
-3.2243384398096695
-3.224375901391099
-3.2244230232965556
-3.2243189864005743
-3.224423606473257
-3.224353912788743
-3.2241204423479104
-3.224489580117643
-3.224357478352907
-3.22411417111541
-3.2244244789672702
-3.224332457712997
-3.224127144580324
-3.2244035548628305
-3.2243170929510523
-3.2242651299369047
-3.224139178710577
-3.2244297915761724
-3.22430631397075
-3.224000344146464
-3.22426399826006
-3.2242281040002965
-3.2240437378778397
-3.224354925854931
-3.224402613988489
-3.2241709951905935
-3.224368820438279
-3.2243460961993367
-3.2241270153642763
-3.224288247612188
-3.2243920150445144
-3.2243916507968744
-3.2243199333204835
-3.224242127242924
-3.2242183048496225
-3.2240201854892017
-3.2243827560201703
-3.224366037908217
-3.224343415406768
-3.2242545035728156
-3.224389979594522
-3.224344622824205
-3.2242828082327932
-3.2242933962966975
-3.2243213897354153
-3.2242196813481265
-3.224401685986233
-3.2242563048006314
-3.2244914605111337
-3.2243793071607514
-3.224252836528296
-3.224337673637052
-3.224334116377582
-3.224428554376356
-3.22442900915129
-3.2241494595290257
-3.2242725197715454
-3.224360061478576
-3.224300261917393
-3.2243178014876386
-3.2244116918983146
-3.224214646275109
-3.2242589315471535
-3.224364200739799
-3.2243874917075517
-3.2236629245406725
-3.2244499458051004
-3.224302402484923
-3.22415840862581
-3.224375544195312
-3.224311844209187
-3.2242588941069785
-3.2242683479160537
-3.224337444472559
-3.2240087925811816
