-3.2243226700301864
-3.2236817831122666
-3.224016564239524
-3.2211416785786255
-3.2231817620930237
-3.223626418905651
-3.2237193783038087
-3.2224369091076683
-3.2232866464258842
-3.2226229401665387
-3.223745116313825
-3.2234233470346414
-3.223445538764468
-3.223712741395346
-3.224000169442556
-3.2237958938213005
-3.2242732699991765
-3.2239616635388546
-3.223437883510873
-3.2221590335050103
-3.223332801347556
-3.2232213194260426
-3.2236360304683433
-3.2236544063573263
-3.2219873477830596
-3.223130593268909
-3.2241170629618736
-3.2239301175655637
-3.2237324026991128
-3.2222466616027305
-3.2230999117692116
-3.2201845972587684
-3.2231827030127556
-3.223892134176447
-3.2224281866859785
-3.2222962816026683
-3.223313405379649
-3.221688800601935
-3.2230043763033573
-3.221551556209983
-3.223785296307863
-3.2228141675327175
-3.224064851982811
-3.2236246127602928
-3.223720628231891
-3.2237513066061703
-3.223774609438108
-3.2240277682180607
-3.2236978346695544
-3.223672653794877
-3.2235586981328694
-3.223287062049684
-3.223296326616653
-3.2221646828560875
-3.2237111428700227
-3.2238798381943887
-3.2242262590580513
-3.223967084388565
-3.222641054081264
-3.2238563466403187
-3.2232934013375023
-3.222636260609873
-3.2231247172616153
-3.222843015535462
-3.223454939064698
-3.2219760348393915
-3.2229596766599267
-3.223523740484175
-3.223291936497837
-3.2210648492002734
-3.2233474759481933
-3.2212240323871466
-3.2232394909399966
-3.223436745974242
-3.223111522232481
-3.223145165612171
-3.222785940379997
-3.2234763063736454
-3.2213816525475467
-3.223468406433213
-3.2227020743976236
-3.222984937600383
-3.2237505323159645
-3.2225834637414894
-3.2227637479689366
-3.2234384116358585
-3.2219358433546903
-3.224312347191727
-3.2211535925336543
-3.2232342453262444
-3.220932578552605
-3.2226575386868257
-3.2236572698682298
-3.2241361636793955
-3.222083384641041
-3.2232297523691735
-3.2233173757324063
-3.2228530698184765
-3.2225331106399686
-3.2241529349168525
