-3.2244055807370047
-3.224503801455223
-3.2244742393153687
-3.22448562908621
-3.224484126184292
-3.22446183060559
-3.224443493840675
-3.2244892147051973
-3.2244953875614986
-3.2244571106097197
-3.224502173501896
-3.2244918798318594
-3.2244857299722938
-3.2244985486847426
-3.2244922314924143
-3.2244853866620455
-3.2244635675828626
-3.2244380333293052
-3.2244677195562907
-3.224480388511168
-3.2244880230043984
-3.2243659445040294
-3.224467288977179
-3.2244798252200684
-3.224471810173153
-3.2244854225351385
-3.224501052310472
-3.224459102112303
-3.2244650563412103
-3.2245010859138037
-3.2245033619674075
-3.224489618780789
-3.224462923022637
-3.2244976833705374
-3.2244486301895963
-3.22450474140733
-3.2244240632772625
-3.2244798235936067
-3.2244821451993952
-3.22445568720417
-3.22448980545715
-3.224512249891751
-3.224507174683847
-3.2244956311359894
-3.2244996443790748
-3.224507068154823
-3.2244668546095845
-3.2244723423570605
-3.224486156690748
-3.2244772100537613
-3.224482185105293
-3.2244706568091077
-3.2245067763593394
-3.2243581785936173
-3.2244753083385613
-3.224493697919206
-3.224484904428986
-3.2244846285223225
-3.224478035354099
-3.2244780070255077
-3.2244733437880835
-3.224421768239001
-3.2245056622430313
-3.2243874657435287
-3.2244715023928494
-3.224453270464387
-3.224497295330362
-3.2244773728934777
-3.22450357525455
-3.2245034543424
-3.2245047467964043
-3.2245062830118685
-3.224491553306004
-3.224491117594243
-3.2244890506206048
-3.2244814804795903
-3.22449939994544
-3.224486919301122
-3.224455603122847
-3.224495859052949
-3.22440408019191
-3.2244946470369578
-3.2244881936398713
-3.2244927272757047
-3.2244896260594107
-3.224489632783437
-3.224493120610056
-3.2245039097949437
-3.224477021125242
-3.2244984331116764
-3.2244947499238226
-3.224488337559295
-3.224499321898192
-3.2244622530570357
-3.2244628502609296
-3.224470250524324
-3.224482218003173
-3.224484371253267
-3.224487008481039
-3.2244940613203017
