-2.181019773237369
-1.8963040427457796
-2.220387355892366
-2.0425346345634057
-1.78869896245521
-2.3405299697067314
-1.642446216442965
-1.9427646112267927
-2.5349826291626307
-1.6221192943907543
-1.6709808136737285
-2.128700162368902
-1.8885901213970682
-2.0677342276813713
-2.151631395644363
-2.236304440463096
-1.6795218335364575
-1.913738596573959
-2.6957921598349657
-2.3389033396583265
-2.0271593848284573
-2.3409422504213713
-2.2848257156232967
-1.7751902256117476
-1.9938637702973834
-2.3861215886772156
-2.3176248722092745
-2.0861044057357954
-2.572009398348114
-2.031607392364459
-1.4883883715298973
-1.6932192210407662
-2.3174317504935376
-2.09641634686427
-2.2160609029586467
-1.9517028850051874
-2.250862423531455
-2.353196872575358
-2.0220156376562275
-2.013659378318564
-1.8538903843954277
-1.3137260965200193
-2.2834487784236948
-2.522751207624766
-2.0536497191522716
-1.8311138302247434
-1.8034893034310882
-1.8147111751874487
-2.528567191438789
-2.3349370807427055
-1.6684585209123526
-2.3282103427823677
-2.578705658460998
-2.163884595067663
-2.0547496857595013
-2.6162941597342346
-2.485654139812534
-1.942558609690207
-2.5217704561490972
-1.9407963093588905
-1.747690358506385
-2.5849854725622006
-1.8293167011241562
-2.2681272681196116
-2.4457242178691034
-2.6711818047609697
-1.8841095935929262
-2.1134953173335482
-2.4627494491236277
-2.2926460440265037
-2.3667926835629793
-2.8140295043265335
-2.4229087256583113
-2.388599301147145
-1.9846651460922158
-1.8838257647305472
-1.960522039591729
-2.5717205115077273
-2.4708007370889806
-1.8096751919311818
-2.278071419029402
-2.063346590113037
-2.321624061939399
-2.192239025518567
-2.119329684509877
-2.234081278047822
-2.0446991102644385
-2.279539004668309
-2.2423908689278993
-2.450920917055759
-1.9009665245788918
-2.2443643307330876
-2.124148981236916
-2.0666398781335995
-2.4753170375256555
-2.3348874904200527
-2.086047817334006
-2.3004938263647294
-2.3853282499758772
-2.0344625094386557
