0.48348683281816174
0.35230205388798713
-0.7325160453789662
-0.48515411295828115
-0.49307901238358093
0.2833240350916557
-0.08880084175212019
0.018034528770000276
-0.34069321415746207
0.5622910380489824
-0.052616138189986034
-0.7173395883394059
0.821308293078022
0.17215306380761553
0.02057283656496315
0.4218867268261507
-0.34187788939535035
-0.41681279003037797
-0.4554347238610135
0.31559664507387497
-0.16160898491953068
-0.2402036739440034
-0.7535559641519619
-0.4046795529763427
-0.6617061097435551
-0.12949590248743856
0.889031121933379
-0.4220038056024342
-0.5531032768624263
0.8873668023114862
0.21487449564489347
0.07368164543934051
0.6193995266587472
0.8847612493226683
0.009213123946667267
1.0377355807653768
-0.31610190942044125
0.712709917820356
-0.2681910168872024
-0.029856852144808262
-0.2000588984732045
-0.6591413765889769
-1.0270292690670295
0.17988726828612742
0.6838069228434085
0.46788325005183246
-0.5781063957852058
-0.6357459709541772
-0.8905320153586601
0.5308481236173966
-0.4194560254528883
-0.1045265947037779
-0.7680382885968046
-0.5793029886158821
-0.2804814479910427
-0.38867927680456527
-0.16608305222666075
-0.5364216951008358
-0.2752678730897777
-0.8926065227296157
0.3846097862366426
-0.41955284805611337
0.2699301249676838
-0.4202829583638978
0.1127189908510705
-0.9313490231371034
-0.42395751649791064
0.3330382526555362
0.3586409547682248
-0.2881400985360967
0.43410056081896137
-0.013280268893174185
-0.20072214434385618
0.2844077030693068
-0.21063070770513503
-0.7293630111167752
0.5874078204566928
0.44725981906531875
-0.04284093265910896
-0.30872589658378113
0.44805459349817306
-0.5175167243833293
-0.37164307945698377
0.4336729740118882
0.5473343925017436
-0.24554379288843828
-0.7349721197576704
0.8982403749168504
-0.06877458844989708
-0.11555291692188521
0.01997030472075524
-0.24704215092546963
0.6014922789538768
0.6105665822010048
-0.840765466897702
-0.4095656861831054
0.0012358769310495594
0.04385917744516269
0.27232577619397336
0.17803573587032578
