-2.6219195840198157
-2.8692557168987416
-3.0097953212336694
-2.493223225912013
-2.4796746840077404
-2.780613421039914
-2.8238754159487645
-3.019372705811499
-2.4555213530234474
-2.983447470400492
-3.0762516193432563
-2.604334773488236
-2.927579146260971
-2.5015809554891746
-2.7892193879486795
-3.10805909283724
-2.8989928472041813
-2.5018055633747536
-2.4289415289478953
-2.63485357476676
-2.3447877605744414
-2.8806396194830395
-2.892301064574524
-2.91740425076812
-2.395110323578213
-2.493771569404739
-2.833649580604514
-2.7063966337256193
-2.721832898977013
-2.602887621387556
-2.7762167515235863
-2.187629073425826
-2.776004505577027
-2.748901353754635
-2.7603028589388203
-2.2837084150284848
-2.708142048162987
-2.6827128649423706
-2.829846867614912
-2.49699510204485
-2.5379787491704455
-2.7428712966737754
-2.4352590130635896
-2.6667235187404352
-2.5253467551447706
-2.6183912598429444
-2.9067091796571334
-2.907175585955145
-2.5337614986734143
-2.6498672076590353
-2.687894069225273
-2.6014587981644777
-2.3656949411231
-2.852781442186254
-2.725603842368897
-2.594577441381052
-2.7415435304013016
-2.7694516256457566
-2.562188861009084
-2.6677256726441994
-2.885350557756423
-2.8057425741130433
-2.7696949854612622
-2.6397580702569226
-2.6711014055913025
-3.1910970514802424
-2.5862170820208394
-2.5079073977260387
-2.8589552675577865
-2.653585248552395
-2.7302019662672716
-2.6787792591988833
-2.8989719571391426
-2.890262164057796
-2.5890604162034947
-3.0175785630481644
-2.698131601155859
-3.1182378805960713
-2.7415324155116885
-2.8766940438989006
-2.59620322941521
-2.925973341049006
-2.8434393068008723
-2.4203220843071835
-2.578566207061356
-2.6347147049511985
-2.993286756116047
-2.7015116268710884
-2.5657800321197373
-2.7998819680651508
-2.826250885561241
-2.4329261866405774
-2.897617531537275
-2.498043994588327
-2.722301916256228
-2.901223807612282
-2.8153157319578224
-2.4862684900862844
-2.898009715736421
-2.9281731173533125
