-2.9817670630516866
-2.766941372311228
-2.192457364408262
-2.5275706750826927
-2.853273968321872
-2.339944470262241
-2.073939163195748
-2.4791079709406043
-2.58490637420131
-2.4685239150209384
-2.281376727586086
-2.479581466757459
-2.171701749930534
-2.5093922453156146
-2.670532389622357
-2.5728823281213167
-2.227923441179224
-2.6827666998798216
-2.4910193644381966
-2.2212483100615787
-2.7450535992466083
-2.3320920430947
-1.907846816211816
-2.9487399300067
-2.2499259197986645
-2.367465374662005
-2.5396033632582213
-2.440340204771776
-2.260051994550007
-2.201370779726108
-2.3044240354213503
-2.4138606557820794
-2.548945948556655
-2.8345651137397487
-2.4980874950967324
-2.597225042084668
-1.956470657250542
-2.3528263464857146
-2.412530001210862
-2.5701395711224424
-2.3190234232869105
-2.576257423485134
-2.529991613182023
-2.498567799781174
-2.5043266433742524
-2.782093978288283
-2.5331766687417403
-2.3556252357158742
-2.4305515341396875
-2.6264261502951785
-2.7518499150630973
-1.8265014689031311
-2.686621667966901
-2.3768020388958746
-2.598985455951256
-2.4277172692623714
-2.8846009783450377
-2.595875195255708
-2.6540835004234173
-2.4122797140104733
-2.4629770326479763
-2.0868303711926113
-2.26729229159075
-2.291675628885535
-2.457582933980268
-2.4663149004450533
-2.485601280914169
-2.2864455005170363
-2.407037957346498
-2.5397482004895773
-2.4237698405606647
-2.6186370781312145
-2.23044010190948
-2.298027433547962
-2.164086330539464
-2.2394123477816925
-2.474566955273343
-2.5541681610523588
-2.7288092932938657
-2.317724098543762
-2.5160874948320435
-2.1543732914207014
-2.088997013226024
-2.3871850763636524
-2.392892978303736
-2.3853267594237595
-2.7569498295728554
-2.385881653958869
-2.367130096737898
-2.3071212302921125
-2.6027928155802353
-2.500098447317985
-2.2060475785401312
-2.659961276135089
-2.226322030303942
-2.6433235370451076
-2.479809470209377
-2.3870087690758925
-2.4310626690558426
-2.472841387517048
