-1.0134071905822577
-0.8189896365341055
-0.842401239247439
-0.152641772186146
-0.8652548638394436
-0.614133159466372
-0.5344680652601674
-0.11769455363340148
-0.04966957879016679
-0.8387789191751625
-0.7648394436323559
-1.045598335851382
-0.10865363561183122
-0.5347347048701915
-0.20776659467877612
-0.6853204376722498
-0.8662419871544135
-0.7169247236330096
-0.82993924856056
-0.47231030325088713
-0.47255789028797085
-0.8422483915339971
-0.4238176249918711
-0.6055527567898711
-0.4444197045906688
0.003779667004716561
-0.13582471766672694
-0.5582554949864396
-0.556342062810267
-0.20361151002659372
-0.5781275229916083
-0.3677166475004613
-0.5793090110694115
-0.6475352596912619
-0.09704012037828016
-0.2548856908579965
-0.6924114412588973
-0.13665220954126922
0.09339753186151617
-0.2218815919503
0.06742450871970332
-0.19831494725035934
-0.17921371605103023
-0.7030808190842672
-0.20150940684274588
-0.7998024007892292
-0.7144044213602008
-1.0336828656465171
-0.5708960997202572
-0.04532915237677845
0.056696367737848766
-0.6001593964979818
0.18544083217774238
-0.6151836587019468
-0.3398016811775159
-0.34253462127135914
-0.4011978521523818
-0.29559437205156985
-0.14192424649200072
-0.546766238044185
-0.6599246888403696
0.07267069764436034
-0.10590168947060304
-0.6744520902657634
-0.6420609562552163
-0.5008002366935652
-0.9540518201391723
-0.4220428548104452
-0.4514563106731506
-0.6367617898867444
-0.5412608490735381
-0.2863260926363003
-0.7547936960578912
-0.5104705029054636
0.22764487299075775
-0.8162694788591539
-0.49725114866432424
-0.5290179172138488
-0.007195057433473307
-0.324674701925904
-0.4987831443390469
-0.6338487200865688
-0.8557656979838119
-0.5169576434347322
-1.018013318520083
-0.6832307021789054
-0.28414702584955337
-0.45453685484490763
-0.7101996100678691
-0.2156907249530113
-0.3245618609290677
-0.17334081285873573
-1.0021920754973317
-0.26024409111371644
-0.32636738711914753
-0.22546444313533356
-0.32914369678121985
-0.6752356986530813
-0.23938364082080268
-0.4283089236636853
