1.2649808276484327
2.9500043566453598
4.868491681705124
2.9500043566453598
4.418288656759281
1.2649808276484327
4.418288656759281
1.2649808276484327
1.2649808276484327
1.2649808276484327
1.2649808276484327
1.2649808276484327
1.2649808276484327
1.2649808276484327
2.9500043566453598
1.2649808276484327
2.9500043566453598
2.9500043566453598
2.9500043566453598
1.2649808276484327
4.418288656759281
4.418288656759281
1.2649808276484327
1.2649808276484327
1.2649808276484327
4.868491681705124
4.868491681705124
4.418288656759281
4.868491681705124
2.9500043566453598
1.2649808276484327
6.1903694678265655
6.1903694678265655
1.2649808276484327
1.2649808276484327
1.2649808276484327
1.2649808276484327
4.868491681705124
2.9500043566453598
4.418288656759281
6.1903694678265655
1.2649808276484327
1.2649808276484327
6.1903694678265655
1.2649808276484327
1.2649808276484327
6.1903694678265655
4.418288656759281
1.2649808276484327
4.418288656759281
4.418288656759281
6.1903694678265655
1.2649808276484327
4.868491681705124
6.1903694678265655
1.2649808276484327
4.868491681705124
4.418288656759281
1.2649808276484327
1.2649808276484327
1.2649808276484327
4.418288656759281
4.418288656759281
6.1903694678265655
1.2649808276484327
4.418288656759281
2.9500043566453598
4.418288656759281
1.2649808276484327
4.868491681705124
1.2649808276484327
4.418288656759281
4.418288656759281
4.418288656759281
2.9500043566453598
4.868491681705124
1.2649808276484327
4.418288656759281
4.418288656759281
1.2649808276484327
1.2649808276484327
1.2649808276484327
4.868491681705124
4.868491681705124
1.2649808276484327
1.2649808276484327
1.2649808276484327
1.2649808276484327
4.418288656759281
4.868491681705124
4.868491681705124
4.418288656759281
2.9500043566453598
4.868491681705124
1.2649808276484327
4.418288656759281
4.868491681705124
4.418288656759281
6.1903694678265655
4.868491681705124
