1.4410857457083206
3.652887442162178
3.6528874421621778
1.2649808276484327
1.2649808276484327
4.868491681705124
2.4330558797949875
3.652887442162178
1.4410857457083206
3.652887442162178
4.868491681705124
2.4330558797949875
1.264980827648433
4.418288656759281
2.9500043566453598
-2403.869329426708
3.652887442162178
2.4330558797949875
2.9500043566453598
1.4410857457083208
3.6528874421621778
1.2649808276484327
1.2649808276484327
1.2649808276484327
1.4410857457083208
4.868491681705124
10.351324377916754
2.4330558797949875
2.9500043566453598
3.652887442162178
3.6528874421621778
1.4410857457083206
4.868491681705124
8.902891490908338
-545.4880550346181
3.6528874421621778
1.4410857457083208
2.4330558797949875
2.4330558797949875
1.2649808276484327
6.005253015850113
8.513385180539176
-1.0044367086712505
1.4410857457083206
3.652887442162178
2.9500043566453598
4.868491681705124
3.6528874421621778
-3.673176170403621
5.9496076891043455
-22.44117637394035
1.2649808276484327
-1.4455051032890076
1.2649808276484327
8.529117805991511
3.652887442162178
1.4410857457083208
2.433055879794988
2.4330558797949875
4.418288656759281
4.868491681705124
1.264980827648433
4.418288656759281
3.6528874421621778
4.868491681705124
-2.4593556498967475
4.868491681705124
4.868491681705124
1.4410857457083208
4.418288656759281
4.868491681705124
1.4410857457083208
-3.0251743982770387
4.868491681705124
6.0314956921526885
1.4410857457083208
4.418288656759281
1.2649808276484327
2.4330558797949875
10.351324377915304
1.2649808276484327
2.4330558797949875
3.652887442162178
-4150.340453124206
1.2649808276484327
4.402020760084167
1.4410857457083208
4.418288656759281
3.652887442162178
4.418288656759281
4.868491681705124
4.868491681705124
1.4410857457083208
1.4410857457083206
1.2649808276484327
3.652887442162178
10.351324377919079
1.4410857457083206
3.6528874421621778
3.6528874421621778
