4.868491681705124
8.847753874784319
8.39729421381671
4.868491681705124
49.45994707136616
3.652887442162178
1.4410857457083206
5.875021899077442
104.7998273220492
1.2649808276484327
1.2649808276484327
4.868491681705124
4.418288656759281
1.4410857457083208
1.4410857457083206
4.868491681705124
1.4410857457083206
1.4410857457083208
4.868491681705124
4.868491681705124
5.8519504105209235
4.868491681705124
2.4330558797949875
4.868491681705124
1.4410857457083208
3.6528874421621778
4.868491681705124
2.9500043566453598
-1.4455051032927633
1.2649808276484327
5.913649324325226
-10.215957492527576
1.2649808276484327
2.4330558797949875
2.9500043566453598
47.7299063829539
4.868491681705124
3.6528874421621778
2.4330558797949875
3.6528874421621778
6.026741260123339
1.4410857457083206
17.00165046831127
1.4410857457083208
3.6528874421621778
10.670351428314977
2.4330558797949875
5.963857529973435
-1.0044372601391638
5.972463705757094
2.9500043566453598
2.9500043566453598
2.9500043566453598
10.350236567074411
2.9500043566453598
3.6528874421621778
4.41828865675928
4.868491681705124
5.999618014916091
5.993770273019787
2.9500043566453598
1.2649808276484327
4.868491681705124
2.9500043566453598
4.868491681705124
-326.6044337251333
2.4330558797949875
1.4410857457083208
2.4330558797949875
4.868491681705124
1.4410857457083206
1.264980827648433
1.2649808276484327
2.9500043566453598
1.2649808276484327
1.4410857457083208
1.2649808276484327
3.652887442162178
5.728288673935065
4.868491681705124
2.4330558797949875
87.54468708242385
2.4330558797949875
224.1236918318776
5.966672390847324
131.51847243301174
2.9500043566453598
2.9500043566453598
4.868491681705124
1.4410857457083206
2.9500043566453598
1.4410857457083208
1.4410857457083206
3.6528874421621778
2.9500043566453598
1.2649808276484327
2.4330558797949875
4.41828865675928
3.652887442162178
4.41828865675928
