-3.224504148622877
-3.224504148622877
-3.2242778616647487
-3.2242778616647487
-3.224504148622877
-3.224504148622877
-3.224504148622877
-3.2244653266091308
-3.224504148622877
-3.224504148622877
-3.224504148622877
-3.224504148622877
-3.2244653266091308
-3.224274539102573
-3.2241971496205553
-3.224504148622877
-3.224504148622877
-3.224504148622877
-3.224504148622877
-3.224504148622877
-3.224504148622877
-3.224504148622877
-3.224504148622877
-3.2244653266091308
-3.224504148622877
-3.224504148622877
-3.2244653266091308
-3.224504148622877
-3.2244653266091308
-3.2243521831300663
-3.2244653266091308
-3.2244298271575595
-3.224504148622877
-3.224504148622877
-3.224277861664749
-3.224504148622877
-3.224504148622877
-3.2244298271575595
-3.224504148622877
-3.224504148622877
-3.224504148622877
-3.224504148622877
-3.2244653266091308
-3.224504148622877
-3.2244298271575595
-3.2243521831300654
-3.224504148622877
-3.224391005143813
-3.224504148622877
-3.224504148622877
-3.224426504595384
-3.224504148622877
-3.224426504595384
-3.224504148622877
-3.2244653266091308
-3.2244298271575595
-3.2244653266091308
-3.224504148622877
-3.224504148622877
-3.224504148622877
-3.224504148622877
-3.224090396720367
-3.224504148622877
-3.2244653266091308
-3.224504148622877
-3.224504148622877
-3.224504148622877
-3.2241616501689836
-3.224504148622877
-3.224504148622877
-3.102254295700165
-3.2244653266091308
-3.2237842689844323
-3.2244653266091308
-3.224504148622877
-3.224426504595384
-3.224504148622877
-3.224504148622877
-3.224504148622877
-3.2244653266091308
-3.224504148622877
-3.224504148622877
-3.2244653266091308
-3.224504148622877
-3.224504148622877
-3.224504148622877
-3.2244653266091308
-3.2238967957425837
-3.224426504595384
-3.2244653266091308
-3.2244298271575595
-3.224504148622877
-3.224504148622877
-3.2244653266091308
-3.224504148622877
-3.2243133611163195
-3.224504148622877
-3.224203540199431
-3.224504148622877
-3.2244298271575595
