-3.2224243810198816
-3.2237506729814296
-3.2231741026329135
-3.2237510741777764
-3.223823090998179
-3.223599363230441
-3.224012606042001
-3.2228901818250506
-3.216523475267053
-3.2185570726265094
-3.2217170446702483
-3.2241971496205544
-3.2235256584860377
-3.223902785125113
-3.2236711255053687
-3.222986853213098
-3.223180092015443
-3.222168136315896
-3.2237446835989005
-3.2229453643789974
-3.2229972666307845
-3.2198146456444157
-3.223825542293967
-3.2164208957815186
-3.2231800920154434
-3.220125532176639
-3.2238220730809193
-3.2240451841277435
-3.220925430503283
-3.222394724299969
-3.2230698699022073
-3.2243133611163195
-3.223789494995177
-3.2229887027346624
-3.223599108684965
-3.2232602176086163
-3.2239772532413022
-3.220364173058641
-3.223822474277265
-3.2237068795024144
-3.224274539102573
-3.2102198766226104
-3.222843251038533
-3.221635243952789
-3.2230689212757477
-3.223592718106089
-3.2230011756439794
-3.222427302385711
-3.2234801913479387
-3.221344937224499
-3.22126354203257
-3.222012185337191
-3.223970862662426
-3.2239771065904304
-3.2231858961432986
-3.2219409007313082
-3.2206550643633975
-3.223450172452587
-3.2213682741848872
-3.223896394546237
-3.224161395623508
-3.223861041745537
-3.2222693321871674
-3.2193503974662465
-3.220199992948549
-3.2214867903255673
-3.2217031362354285
-3.2199420747478644
-3.2232550302016736
-3.2240873287036664
-3.2229612116077946
-3.2206334515201984
-3.223104150858642
-3.2233291361424246
-3.2220843611911145
-3.2225362367130077
-3.223141886722609
-3.223560140020348
-3.2233347243286077
-3.2230784184751275
-3.2211941024796653
-3.2219051158546606
-3.2222482007595747
-3.2242002176372555
-3.2226184217978133
-3.2212286484500283
-3.222986853213097
-3.2235667851446994
-3.2234075880765163
-3.223406525624443
-3.224200472182731
-3.2230646438914627
-3.223667440767754
-3.222915854309956
-3.212733067168321
-3.2241261507174124
-3.222770779094779
-3.220217688122049
-3.2225452320753707
-3.2231412700016957
