-3.2205294347311657
-3.2188151403532035
-3.209416052727886
-3.220851599089658
-3.2153329736954
-3.219505616230432
-3.2203235498453
-3.2229241483374005
-3.2168754337362473
-3.223221580849543
-3.218640422077965
-3.2192405456697575
-3.215379158532033
-3.2133684884105116
-3.223230129422463
-3.221228509594459
-3.223146442085435
-3.2188571192389968
-3.217251259515292
-3.222575058726755
-3.2216458466738893
-3.216364810415496
-3.217011438309619
-3.2216810024469744
-3.2235960406682653
-3.220885690742678
-3.213253928450798
-3.2223861757270487
-3.2229297755444914
-3.2218260467825504
-3.220505357312698
-3.2212558422975146
-3.217296549204282
-3.2198136277271545
-3.221632511890374
-3.2235279631309517
-3.2157853962567504
-3.2149124459848775
-3.220779088424935
-3.096407288871756
-3.214926675420365
-3.2165313221275778
-3.214053055453334
-3.2196535407390243
-3.222314158906646
-3.2114825787177113
-3.212109214858547
-3.2219013311798395
-3.216068400954575
-3.223786573629347
-3.2225813179779617
-3.219821292820794
-3.2170619467174877
-3.206500030006921
-3.2223663157039084
-3.2179567360991608
-3.2203200423834355
-3.2197862370483556
-3.2057788641381606
-3.2178088331072447
-3.220732307194544
-3.220968037191852
-3.2212205658523447
-3.217163662195647
-3.215541815895174
-3.223337430169869
-3.2200681763716936
-3.2198404012075486
-3.220539777078635
-3.2221173666943557
-3.2123622615503304
-3.2225182425929177
-3.2151533608623524
-3.2211484857002386
-3.2208476162666546
-3.212127091985228
-3.2197202899329826
-3.2222360721384504
-3.2217892081415216
-3.2200671784720942
-3.218828527262817
-3.214183069494746
-3.222158682656432
-3.218060138822809
-3.222926267727642
-3.220891583725882
-3.216874916706395
-3.2190117894085297
-3.2225742271224513
-3.2184595438904595
-3.2223575096449597
-3.2134216222319334
-3.21622429996075
-3.2216362914987657
-3.216071109670974
-3.2237539955436056
-3.2233397650846776
-3.2215170119863004
-3.216894367900026
-3.2209289112929707
