-3.224426504595384
-3.2241616501689836
-3.2223581916079342
-3.22314188672261
-3.2240873287036664
-3.2242778616647487
-3.223825542293967
-3.2244653266091308
-3.2242357170888263
-3.2241257495210665
-3.222166589326073
-3.2237836522635193
-3.224090396720367
-3.2240514280557484
-3.224168040747859
-3.2242745391025736
-3.2233762521836162
-3.2237842689844323
-3.223640852064541
-3.2237573181057813
-3.223941607138859
-3.2234901590344656
-3.2242778616647487
-3.223629235474921
-3.222875197080159
-3.2199878780238684
-3.2237151735298597
-3.2235966573891788
-3.224277861664749
-3.2241258961719375
-3.2233341076076942
-3.2220148783787366
-3.221905112914108
-3.2235192679071605
-3.2237809464222567
-3.2241547504991575
-3.2243876825816375
-3.2237122521640305
-3.2228793369411246
-3.224310038554144
-3.224239039651002
-3.2241228281552368
-3.224391005143813
-3.224239039651002
-3.223863963111366
-3.2240159286041767
-3.220324393365281
-3.2243521831300663
-3.2232166093842753
-3.224012860587477
-3.223673430150283
-3.2220192050196306
-3.1012402995697075
-3.2241971496205544
-3.2241971496205553
-3.224009684676173
-3.2237454469706854
-3.223706262781501
-3.2243133611163195
-3.221256685817496
-3.2242002176372555
-3.222197315366765
-3.2243133611163204
-3.223748769532861
-3.223561157937608
-3.2237869748256944
-3.224051428055748
-3.224125896171937
-3.2243133611163195
-3.2241613956235087
-3.2224347663146498
-3.2237842689844336
-3.2240096846761723
-3.224235971634301
-3.2213899258875447
-3.224242362213177
-3.223290676304117
-3.2233318029627784
-3.1017524929467206
-3.2244653266091308
-3.223406525624443
-3.223893473180407
-3.2242778616647487
-3.221439674284376
-3.223260402863289
-3.2239352165599833
-3.2239386857730303
-3.2238967957425837
-3.2241647181856843
-3.2240451841277435
-3.224277861664749
-3.223668057488668
-3.2238643643077127
-3.2238672856735415
-3.223370223780178
-3.224239039651002
-3.2233649977694343
-3.2242778616647487
-3.2244653266091308
-3.223748769532861
