-3.2242778616647487
-3.2242002176372555
-3.2238997171084125
-3.2243133611163195
-3.223787591546608
-3.2238585904497508
-3.224129218734113
-3.224316683678495
-3.2233770155554007
-3.224200472182731
-3.2239382845766835
-3.2243876825816375
-3.224161650168984
-3.224504148622877
-3.224161650168984
-3.22420047218273
-3.224013007238348
-3.2237573181057813
-3.224504148622877
-3.2244298271575595
-3.224426504595384
-3.2195020595266692
-3.224239039651002
-3.223863963111366
-3.22420047218273
-3.2244653266091308
-3.224019397817224
-3.224054897268795
-3.2240130072383497
-3.2240906512658416
-3.224355505692241
-3.2244653266091308
-3.2241258961719375
-3.2236734301502836
-3.224391005143813
-3.2241228281552368
-3.2244653266091308
-3.2241647181856843
-3.2235572186545185
-3.224164718185685
-3.2225120681483155
-3.2241971496205544
-3.2226189214965717
-3.102289795151737
-3.2240481054935723
-3.224504148622877
-3.224242362213177
-3.2243876825816375
-3.2239382845766844
-3.2244298271575595
-3.224168040747861
-3.224504148622877
-3.2244298271575595
-3.2241647181856843
-3.2243166836784947
-3.223977507786777
-3.2243521831300663
-3.224426504595384
-3.2235574731999943
-3.2241971496205544
-3.224242362213177
-3.224129218734113
-3.224504148622877
-3.223861041745537
-3.2241325412962896
-3.224164571534813
-3.2242035401994302
-3.2242392941964777
-3.224391005143813
-3.2243521831300663
-3.2244298271575604
-3.224051428055748
-3.2241228281552368
-3.2240902500694952
-3.2238967957425837
-3.2244653266091308
-3.2244653266091308
-3.224391005143813
-3.224274539102573
-3.2243488605678907
-3.2243876825816375
-3.224504148622877
-3.2242035401994302
-3.224426504595384
-3.224426504595384
-3.224045438673219
-3.224426504595384
-3.2244653266091308
-3.2242002176372555
-3.2242390396510014
-3.224426504595384
-3.2236377840478405
-3.224158327606808
-3.2241616501689836
-3.224281184226925
-3.224391005143813
-3.2238619130119264
-3.222918560151218
-3.224090396720366
-3.2239775077867776
