-3.224504148622877
-3.224504148622877
-3.224504148622877
-3.224504148622877
-3.224504148622877
-3.224504148622877
-3.224504148622877
-3.224504148622877
-3.224504148622877
-3.224504148622877
-3.224504148622877
-3.224504148622877
-3.224504148622877
-3.224504148622877
-3.224504148622877
-3.224504148622877
-3.224504148622877
-3.224504148622877
-3.224504148622877
-3.224504148622877
-3.224504148622877
-3.224504148622877
-3.224504148622877
-3.224504148622877
-3.224504148622877
-3.224504148622877
-3.224504148622877
-3.224504148622877
-3.224504148622877
-3.224504148622877
-3.224504148622877
-3.224504148622877
-3.224504148622877
-3.224504148622877
-3.224504148622877
-3.224504148622877
-3.224504148622877
-3.224504148622877
-3.224504148622877
-3.224504148622877
-3.224504148622877
-3.224504148622877
-3.224504148622877
-3.224504148622877
-3.224504148622877
-3.224504148622877
-3.224504148622877
-3.224504148622877
-3.224504148622877
-3.224504148622877
-3.224504148622877
-3.224504148622877
-3.224504148622877
-3.224504148622877
-3.224504148622877
-3.224504148622877
-3.224504148622877
-3.1023674391792304
-3.224504148622877
-3.224504148622877
-3.224504148622877
-3.224504148622877
-3.224504148622877
-3.224504148622877
-3.224504148622877
-3.224504148622877
-3.224504148622877
-3.224504148622877
-3.224504148622877
-3.224504148622877
-3.224504148622877
-3.224504148622877
-3.224504148622877
-3.224504148622877
-3.224504148622877
-3.224504148622877
-3.224504148622877
-3.224504148622877
-3.224504148622877
-3.224504148622877
-3.224504148622877
-3.224504148622877
-3.224504148622877
-3.224504148622877
-3.224504148622877
-3.224504148622877
-3.224504148622877
-3.224504148622877
-3.224504148622877
-3.224504148622877
-3.224504148622877
-3.224504148622877
-3.224504148622877
-3.224504148622877
-3.224504148622877
-3.224504148622877
-3.224504148622877
-3.224504148622877
-3.224504148622877
-3.224504148622877
