-3.224504148622877
-3.224504148622877
-3.224504148622877
-3.224504148622877
-3.224504148622877
-3.224504148622877
-3.224504148622877
-3.224504148622877
-3.224504148622877
-3.224504148622877
-3.224504148622877
-3.224504148622877
-3.224504148622877
-3.224504148622877
-3.224504148622877
-3.224504148622877
-3.224504148622877
-3.224504148622877
-3.224504148622877
-3.224504148622877
-3.224504148622877
-3.224504148622877
-3.224504148622877
-3.224504148622877
-3.224504148622877
-3.224504148622877
-3.224504148622877
-3.224504148622877
-3.224504148622877
-3.224504148622877
-3.224504148622877
-3.224504148622877
-3.224504148622877
-3.224504148622877
-3.224504148622877
-3.224504148622877
-3.224504148622877
-3.224504148622877
-3.224504148622877
-3.224504148622877
-3.224504148622877
-3.224504148622877
-3.1023674391792295
-3.224504148622877
-3.224504148622877
-3.224504148622877
-3.224504148622877
-3.224504148622877
-3.224504148622877
-3.224504148622877
-3.224504148622877
-3.224504148622877
-3.224504148622877
-3.224504148622877
-3.224504148622877
-3.224504148622877
-3.224504148622877
-3.224504148622877
-3.224504148622877
-3.224504148622877
-3.224504148622877
-3.224504148622877
-3.224504148622877
-3.224504148622877
-3.224504148622877
-3.224504148622877
-3.224504148622877
-3.224504148622877
-3.224504148622877
-3.224504148622877
-3.224504148622877
-3.224504148622877
-3.224504148622877
-3.224504148622877
-3.224504148622877
-3.224504148622877
-3.224504148622877
-3.224504148622877
-3.224504148622877
-3.1023674391792295
-3.224504148622877
-3.224504148622877
-3.224504148622877
-3.224504148622877
-3.224504148622877
-3.224504148622877
-3.10236743917923
-3.224504148622877
-3.224504148622877
-3.224504148622877
-3.224504148622877
-3.224504148622877
-3.224504148622877
-3.224504148622877
-3.224504148622877
-3.224504148622877
-3.224504148622877
-3.224504148622877
-3.224504148622877
-3.224504148622877
