-85.26847 -439.5547 1 1 1 1 1 1 1 1 1 1 1 1 1 1 1 1 100 54 3 28 2 0 1 100000000000000.0 
-46.17412 -37480.99 1 1 1 1 1 1 1 1 1 1 1 1 1 1 1 1 100 54 62 100 2 0 1 100000000000000.0 
-50.01591 -25079.96 1 1 1 1 1 1 1 1 1 1 1 1 1 1 1 1 100 53 49 37 2 0 1 0.03375024 
-57.77922 -10450.4 1 1 1 1 1 1 1 1 1 1 1 1 1 1 1 1 100 50 51 84 3 0 1 0.03126279 
-50.47858 -23818.87 1 1 1 1 1 1 1 1 1 1 1 1 1 1 1 1 99 53 52 29 2 0 1 0.02767183 
-58.65355 -9317.659 1 1 1 1 1 1 1 1 1 1 1 1 1 1 1 1 99 53 24 72 12 0 1 0.02647249 
-51.30022 -21718.79 1 1 1 1 1 1 1 1 1 1 1 1 1 1 1 1 100 53 53 23 2 0 1 0.02527879 
-68.12777 -3220.823 1 1 1 1 1 1 1 1 1 1 1 1 1 1 1 1 95 55 37 33 3 0 1 0.02465952 
-78.30492 -992.1733 1 1 1 1 1 1 1 1 1 1 1 1 1 1 1 1 98 49 6 98 3 0 1 0.02444624 
-83.57488 -524.3144 1 1 1 1 1 1 1 1 1 1 1 1 1 1 1 1 96 50 6 5 2 0 1 0.02435914 
-52.31261 -19221.25 1 1 1 1 1 1 1 1 1 1 1 1 1 1 1 1 97 50 67 97 3 0 1 0.02390113 
-65.36996 -4317.826 1 1 1 1 1 1 1 1 1 1 1 1 1 1 1 1 100 42 49 61 6 0 1 0.02389139 
-60.91624 -7216.829 1 1 1 1 1 1 1 1 1 1 1 1 1 1 1 1 100 51 29 59 10 0 1 0.02384924 
-61.58315 -6685.046 1 1 1 1 1 1 1 1 1 1 1 1 1 1 1 1 98 53 62 100 9 0 1 0.02367621 
-46.95434 -34848.7 1 1 1 1 1 1 1 1 1 1 1 1 1 1 1 1 99 55 56 79 2 0 1 0.02193538 
-59.49824 -8660.742 1 1 1 1 1 1 1 1 1 1 1 1 1 1 1 1 100 54 52 59 3 0 1 0.021429 
-46.33171 -36901.92 1 1 1 1 1 1 1 1 1 1 1 1 1 1 1 1 100 51 62 91 2 0 1 0.02134139 
-46.76986 -35352.64 1 1 1 1 1 1 1 1 1 1 1 1 1 1 1 1 94 55 58 79 2 0 1 0.02104597 
-51.64897 -20835.82 1 1 1 1 1 1 1 1 1 1 1 1 1 1 1 1 96 55 50 24 2 0 1 0.0209429 
-49.5303 -26367.71 1 1 1 1 1 1 1 1 1 1 1 1 1 1 1 1 98 49 55 33 2 0 1 0.02089068 
-49.03235 -27939.41 1 1 1 1 1 1 1 1 1 1 1 1 1 1 1 1 95 55 57 35 2 0 1 0.02062535 
-52.62116 -18608.62 1 1 1 1 1 1 1 1 1 1 1 1 1 1 1 1 94 55 39 35 2 0 1 0.02055618 
-81.14188 -704.228 1 1 1 1 1 1 1 1 1 1 1 1 1 1 1 1 100 51 11 18 2 0 1 0.02048886 
-54.19934 -15676.41 1 1 1 1 1 1 1 1 1 1 1 1 1 1 1 1 98 47 76 49 3 0 1 0.02022244 
-66.31492 -3936.946 1 1 1 1 1 1 1 1 1 1 1 1 1 1 1 1 94 49 43 25 3 0 1 0.02021622 
-48.11719 -30776.61 1 1 1 1 1 1 1 1 1 1 1 1 1 1 1 1 98 50 54 53 2 0 1 0.02010976 
-56.05575 -12663.09 1 1 1 1 1 1 1 1 1 1 1 1 1 1 1 1 100 50 53 98 3 0 1 0.01985998 
-53.79778 -16211.52 1 1 1 1 1 1 1 1 1 1 1 1 1 1 1 1 94 49 60 99 3 0 1 0.01985796 
-59.04822 -9064.227 1 1 1 1 1 1 1 1 1 1 1 1 1 1 1 1 98 50 54 56 3 0 1 0.01967055 
-48.61634 -29291.73 1 1 1 1 1 1 1 1 1 1 1 1 1 1 1 1 100 52 54 45 2 0 1 0.01954427 
-57.65256 -10685.27 1 1 1 1 1 1 1 1 1 1 1 1 1 1 1 1 100 53 59 54 3 0 1 0.01953274 
-59.87977 -8264.589 1 1 1 1 1 1 1 1 1 1 1 1 1 1 1 1 100 50 52 55 3 0 1 0.01949053 
-67.14996 -3559.207 1 1 1 1 1 1 1 1 1 1 1 1 1 1 1 1 100 51 26 60 6 0 1 0.01946771 
-71.43698 -2189.096 1 1 1 1 1 1 1 1 1 1 1 1 1 1 1 1 95 49 30 25 3 0 1 0.01875751 
-56.31837 -12409.11 1 1 1 1 1 1 1 1 1 1 1 1 1 1 1 1 99 50 71 39 3 0 1 0.01825095 
-72.47114 -1917.806 1 1 1 1 1 1 1 1 1 1 1 1 1 1 1 1 81 53 25 63 3 0 1 0.01800886 
-56.70412 -11925.33 1 1 1 1 1 1 1 1 1 1 1 1 1 1 1 1 99 53 71 36 3 0 1 0.01793085 
-70.56806 -2433.697 1 1 1 1 1 1 1 1 1 1 1 1 1 1 1 1 100 53 28 76 3 0 1 0.01741357 
-57.10663 -11260.17 1 1 1 1 1 1 1 1 1 1 1 1 1 1 1 1 97 51 54 78 3 0 1 0.01737405 
-54.45903 -15339.91 1 1 1 1 1 1 1 1 1 1 1 1 1 1 1 1 97 55 74 50 3 0 1 0.01698011 
-71.98604 -2027.171 1 1 1 1 1 1 1 1 1 1 1 1 1 1 1 1 81 53 26 62 3 0 1 0.01688844 
-52.0867 -19872.89 1 1 1 1 1 1 1 1 1 1 1 1 1 1 1 1 100 54 71 88 3 0 1 0.01668755 
-76.41444 -1235.357 1 1 1 1 1 1 1 1 1 1 1 1 1 1 1 1 94 50 15 25 3 0 1 0.01662189 
-84.70942 -466.6385 1 1 1 1 1 1 1 1 1 1 1 1 1 1 1 1 97 52 5 18 2 0 1 0.01653317 
-80.34692 -769.4229 1 1 1 1 1 1 1 1 1 1 1 1 1 1 1 1 97 51 12 16 2 0 1 0.0160587 
-52.86866 -18225.24 1 1 1 1 1 1 1 1 1 1 1 1 1 1 1 1 100 54 67 88 3 0 1 0.01592874 
-73.74868 -1625.702 1 1 1 1 1 1 1 1 1 1 1 1 1 1 1 1 72 53 19 7 3 0 1 0.01586565 
-47.40223 -33223.22 1 1 1 1 1 1 1 1 1 1 1 1 1 1 1 1 100 47 59 59 2 0 1 0.01557612 
-77.32283 -1120.988 1 1 1 1 1 1 1 1 1 1 1 1 1 1 1 1 99 53 10 22 3 0 1 0.01534398 
-48.82112 -28563.79 1 1 1 1 1 1 1 1 1 1 1 1 1 1 1 1 96 55 49 51 2 0 1 0.01532889 
-74.4248 -1500.707 1 1 1 1 1 1 1 1 1 1 1 1 1 1 1 1 72 51 16 7 3 0 1 0.01527165 
-69.1609 -2830.367 1 1 1 1 1 1 1 1 1 1 1 1 1 1 1 1 99 53 10 27 5 0 1 0.01521441 
-60.25658 -7935.346 1 1 1 1 1 1 1 1 1 1 1 1 1 1 1 1 100 53 51 55 3 0 1 0.01501395 
-47.34629 -33497.3 1 1 1 1 1 1 1 1 1 1 1 1 1 1 1 1 99 55 53 74 2 0 1 0.01489612 
-69.79702 -2632.758 1 1 1 1 1 1 1 1 1 1 1 1 1 1 1 1 96 49 28 95 3 0 1 0.01472432 
-46.52145 -36229.05 1 1 1 1 1 1 1 1 1 1 1 1 1 1 1 1 99 55 56 99 2 0 1 0.01463238 
-70.8359 -2327.037 1 1 1 1 1 1 1 1 1 1 1 1 1 1 1 1 95 49 30 6 3 0 1 0.01441484 
-54.91179 -14392.65 1 1 1 1 1 1 1 1 1 1 1 1 1 1 1 1 97 52 56 100 3 0 1 0.01440244 
-47.59435 -32578.41 1 1 1 1 1 1 1 1 1 1 1 1 1 1 1 1 99 50 57 58 2 0 1 0.01432366 
-74.92272 -1467.691 1 1 1 1 1 1 1 1 1 1 1 1 1 1 1 1 99 53 15 7 3 0 1 0.0141627 
-49.28218 -27181.67 1 1 1 1 1 1 1 1 1 1 1 1 1 1 1 1 95 55 55 35 2 0 1 0.0141605 
-47.94805 -31481.99 1 1 1 1 1 1 1 1 1 1 1 1 1 1 1 1 98 55 55 54 2 0 1 0.01408915 
-51.92073 -20086.21 1 1 1 1 1 1 1 1 1 1 1 1 1 1 1 1 97 51 69 97 3 0 1 0.01403253 
-50.85407 -22783.88 1 1 1 1 1 1 1 1 1 1 1 1 1 1 1 1 100 52 41 45 2 0 1 0.01391286 
-81.82547 -652.4577 1 1 1 1 1 1 1 1 1 1 1 1 1 1 1 1 99 53 10 22 2 0 1 0.0138171 
-79.93905 -811.8948 1 1 1 1 1 1 1 1 1 1 1 1 1 1 1 1 100 54 12 22 2 0 1 0.01374807 
-82.90477 -561.3493 1 1 1 1 1 1 1 1 1 1 1 1 1 1 1 1 96 52 6 3 2 0 1 0.01368648 
-62.39041 -6221.944 1 1 1 1 1 1 1 1 1 1 1 1 1 1 1 1 100 53 46 54 3 0 1 0.01366372 
-50.80662 -22967.83 1 1 1 1 1 1 1 1 1 1 1 1 1 1 1 1 100 53 51 28 2 0 1 0.0136206 
-51.76049 -20603.38 1 1 1 1 1 1 1 1 1 1 1 1 1 1 1 1 99 54 42 35 2 0 1 0.01359423 
-49.28218 -27181.67 1 1 1 1 1 1 1 1 1 1 1 1 1 1 1 1 95 55 55 35 2 0 1 0.01342349 
-62.002 -6491.572 1 1 1 1 1 1 1 1 1 1 1 1 1 1 1 1 98 50 57 23 3 0 1 0.01331622 
-78.99146 -874.9015 1 1 1 1 1 1 1 1 1 1 1 1 1 1 1 1 98 52 13 2 2 0 1 0.01318635 
-55.72183 -13315.18 1 1 1 1 1 1 1 1 1 1 1 1 1 1 1 1 99 53 71 44 3 0 1 0.01307286 
-49.69654 -26026.63 1 1 1 1 1 1 1 1 1 1 1 1 1 1 1 1 99 54 53 34 2 0 1 0.01278311 
-55.59095 -13422.58 1 1 1 1 1 1 1 1 1 1 1 1 1 1 1 1 97 53 61 70 3 0 1 0.0125379 
-75.72942 -1321.849 1 1 1 1 1 1 1 1 1 1 1 1 1 1 1 1 85 53 17 99 3 0 1 0.01250233 
-53.28531 -17170.24 1 1 1 1 1 1 1 1 1 1 1 1 1 1 1 1 100 39 74 63 3 0 1 0.01245616 
-60.60305 -7523.233 1 1 1 1 1 1 1 1 1 1 1 1 1 1 1 1 100 54 58 29 9 0 1 0.01238514 
-47.16833 -34105.15 1 1 1 1 1 1 1 1 1 1 1 1 1 1 1 1 99 55 54 77 2 0 1 0.01231277 
-53.67726 -16652.88 1 1 1 1 1 1 1 1 1 1 1 1 1 1 1 1 97 53 69 70 3 0 1 0.0119964 
-53.07323 -17721.66 1 1 1 1 1 1 1 1 1 1 1 1 1 1 1 1 100 52 37 37 2 0 1 0.01198128 
-68.5369 -3046.468 1 1 1 1 1 1 1 1 1 1 1 1 1 1 1 1 95 49 32 68 3 0 1 0.01189648 
-46.59968 -36071.81 1 1 1 1 1 1 1 1 1 1 1 1 1 1 1 1 99 53 61 80 2 0 1 0.01188417 
-63.24688 -5552.942 1 1 1 1 1 1 1 1 1 1 1 1 1 1 1 1 100 50 51 25 7 0 1 0.01177241 
-64.11518 -5042.64 1 1 1 1 1 1 1 1 1 1 1 1 1 1 1 1 86 53 48 28 3 0 1 0.01166211 
-55.03668 -14144.87 1 1 1 1 1 1 1 1 1 1 1 1 1 1 1 1 97 49 56 98 3 0 1 0.01149706 
-56.86113 -11595.0 1 1 1 1 1 1 1 1 1 1 1 1 1 1 1 1 100 52 51 97 3 0 1 0.01149491 
-64.69003 -4737.184 1 1 1 1 1 1 1 1 1 1 1 1 1 1 1 1 100 53 47 20 6 0 1 0.0113315 
-51.1097 -22224.29 1 1 1 1 1 1 1 1 1 1 1 1 1 1 1 1 100 55 53 24 2 0 1 0.01118333 
-50.57914 -23532.44 1 1 1 1 1 1 1 1 1 1 1 1 1 1 1 1 100 52 46 37 2 0 1 0.01095138 
-47.16833 -34105.15 1 1 1 1 1 1 1 1 1 1 1 1 1 1 1 1 99 55 54 77 2 0 1 0.01094184 
-68.81647 -2992.033 1 1 1 1 1 1 1 1 1 1 1 1 1 1 1 1 100 55 37 23 3 0 1 0.01089771 
-49.77997 -25657.26 1 1 1 1 1 1 1 1 1 1 1 1 1 1 1 1 95 53 53 33 2 0 1 0.0108102 
-69.68483 -2687.667 1 1 1 1 1 1 1 1 1 1 1 1 1 1 1 1 100 53 28 99 3 0 1 0.01080311 
-47.77758 -31924.27 1 1 1 1 1 1 1 1 1 1 1 1 1 1 1 1 99 50 55 58 2 0 1 0.01069605 
-62.87456 -5909.89 1 1 1 1 1 1 1 1 1 1 1 1 1 1 1 1 100 54 52 28 3 0 1 0.01061287 
-78.9759 -876.2044 1 1 1 1 1 1 1 1 1 1 1 1 1 1 1 1 96 54 13 2 2 0 1 0.01036353 
-67.01605 -3609.705 1 1 1 1 1 1 1 1 1 1 1 1 1 1 1 1 100 49 26 49 6 0 1 0.01033129 
-73.16187 -1807.108 1 1 1 1 1 1 1 1 1 1 1 1 1 1 1 1 99 53 24 62 3 0 1 0.01032839 
