51.06988064153626
48.96438787494007
48.038900685411434
48.06019207412706
50.4447199561563
49.39359947567842
49.744378135786285
51.10275253547886
49.76496388736481
51.60459386206422
49.752554165450796
47.82559416351622
50.3596351563646
49.83565329647917
50.23928589869121
47.86263252629974
46.00534258986779
48.59009544228049
48.47330721435765
49.66129019231185
49.02229330404161
49.70330897769353
49.83698331536818
48.166995061080975
49.90609316744557
49.5767517462829
50.3164222040165
49.113632705869236
48.11519934109135
48.2295313945096
49.23261115915115
48.60099346956343
49.661293132392174
50.52484522099587
47.3111609341132
49.227286430180285
50.459723591009805
48.54901906321996
49.1845016594897
48.40513086591884
49.36370420140239
48.526095420324474
48.488591928666466
49.8740192580641
50.16729846403284
47.65618672676914
46.75863866216597
49.968683309845645
49.48880014821635
49.49233370355339
48.68924308176849
47.35656563417887
50.26285162883936
47.817829767153576
48.46941111704322
48.0211580018672
48.79440231537698
49.41639725687318
49.31090771459718
50.97048000681291
50.05790346750653
48.930822199438474
50.79941348307123
48.55618357206664
49.39742358829494
49.57308837527969
49.66135070871531
49.40490551700501
47.518616843448434
47.829193266197315
49.164804078764
48.33974836677182
48.975873396407515
48.240293241718476
49.52064603304777
50.073122479419766
48.16913602795756
47.722804471840334
47.90289607968996
48.85058049792208
50.02157344380212
48.320827447852935
48.70887896107609
49.00963263101566
48.65376611880056
48.44896131795492
48.62345602029299
49.626237503366305
49.10124947588951
48.10115528373762
49.4645934801829
48.321136350333404
51.167416271188976
50.23888655984305
48.2723707071943
48.58074584243829
50.14519579244069
47.33546448179351
47.412346019880914
47.290676438170976
