49.34976667207566
48.979052490329266
48.5989668662711
48.51280745996293
48.38281727782399
50.969450585571835
50.75262101040469
50.29458792385775
48.506112146914525
48.59840347662954
50.56518886835464
49.82978403455219
50.094908598415884
49.8035827798647
51.23141650087302
50.42768962799011
51.750658601316516
49.23537047379811
51.18698966652887
50.821811246459646
49.44325511576209
49.274583083634354
50.38319640912365
50.53551965250105
50.119887950352535
51.31392266583281
50.99158988916217
49.47172056974383
47.96474139961658
50.422325869348406
50.94713232199893
49.615264101525646
48.589655624845925
51.14185519097804
48.4259291352591
50.31568704712604
49.52670104377872
50.02203129321436
50.77135796634059
49.55348863259488
49.32784268971233
51.82017520156826
49.22116645198713
49.364943747421925
51.51068725092803
49.468308513384244
49.872972490056725
49.47928140441593
48.857267286675444
50.76435597048147
49.42401199815213
50.15264291163928
49.67501969290447
49.353382895386204
50.20999941854256
50.290198800275235
51.51462573848794
50.340547910784856
49.478361212301
49.52181854139743
50.62383394954508
51.65128147744861
48.78739062580992
50.46304359703528
49.812017204120906
49.81957710068536
50.06907975898655
51.64309171775656
50.13744655793499
50.591000152696495
51.45412822831755
49.53419977359967
50.42387619511495
51.64639012706356
51.17704455646661
50.52480534933235
50.58072822862478
51.59570142307609
48.85882562151707
51.886362717241646
49.40891216166726
49.98747640172707
49.474162499729715
48.98876509736458
50.54068274658419
49.45105666055199
50.33314859020685
50.8108602186584
49.458701631177554
49.78377648394655
50.8385521445583
50.988890030454314
50.13213050346387
48.74288767301521
50.02873628863771
49.322649304782864
49.990193480768085
49.51972777205949
49.384158757299566
50.7729346310169
